1 0 22,22 0,0 0 1
2 0 560,22 0,0 0 3
3 0 315,495 0,0 0 2
4 0 315,800 0,0 0 4
5 0 22,1105 0,0 0 5
6 0 658,1105 0,0 0 6
7 0 360,1590 0,0 0 7
8 0 315,1952 0,0 0 8
9 0 275,2350 0,0 0 9
10 0 22,2530 0,0 0 10
11 0 658,2530 0,0 0 11
12 0 658,2790 0,0 0 13
13 0 230,2885 0,0 0 12
14 0 658,3140 0,0 0 15
15 0 105,3185 0,0 0 14
16 0 275,3490 0,0 0 16
17 0 658,3660 0,0 0 18
18 0 105,3710 0,0 0 17
19 0 22,3922 0,0 0 10
20 0 658,3922 0,0 0 10
21 0 190,4140 0,0 0 19
22 0 450,4140 0,0 0 19
23 0 280,4572 0,0 0 20
24 0 240,4875 0,0 0 21
25 0 22,5090 0,0 0 22
26 0 658,5135 0,0 0 23
27 0 230,6000 0,0 0 24
28 0 658,6305 0,0 0 27
29 0 22,6390 0,0 0 25
30 0 145,6435 0,0 0 26
31 0 145,6480 0,0 0 28