1 360 235,360 235,360 0 1
2 360 320,360 320,360 0 1
3 360 405,360 405,360 0 1
4 360 490,360 490,360 0 1
5 1000 200,20 200,20 0 1
6 1000 285,20 285,20 0 1
7 1000 370,20 370,20 0 1
8 1000 455,20 455,20 0 1
9 1185 200,535 200,535 0 1
10 1185 500,535 500,535 0 1
11 1235 280,585 280,585 0 1
12 1235 410,585 410,585 0 1
13 1585 110,285 110,285 0 1
14 1630 68,330 68,330 0 1
15 1630 198,330 198,330 0 1
16 1630 535,330 535,330 0 1
17 1675 153,375 153,375 0 1
18 1675 490,375 490,375 0 1
19 1675 620,375 620,375 0 1
20 1720 575,420 575,420 0 1
21 2015 580,65 580,65 0 1
22 2060 500,110 500,110 0 1
23 2060 625,110 625,110 0 1
24 2105 545,155 545,155 0 1
25 2230 145,280 145,280 0 1
26 2275 65,325 65,325 0 1
27 2275 190,325 190,325 0 1
28 2320 120,370 120,370 0 1
29 2710 150,110 150,110 0 1
30 2755 495,155 495,155 0 1
31 2800 65,200 65,200 0 1
32 2840 410,240 410,240 0 1
33 3060 195,460 195,460 0 1
34 3105 150,505 150,505 0 1
35 3105 325,505 325,505 0 1
36 3150 410,550 410,550 0 1
37 3315 150,65 150,65 0 1
38 3315 450,65 450,65 0 1
39 3405 110,155 110,155 0 1
40 3405 495,155 495,155 0 1
41 3405 580,155 580,155 0 1
42 3495 615,240 615,240 0 1
43 3535 195,285 195,285 0 1
44 3575 495,325 495,325 0 1
45 3620 150,370 150,370 0 1
46 3665 450,415 450,415 0 1
47 3700 360,450 360,450 0 1
48 3790 400,540 400,540 0 1
49 4090 65,190 65,190 0 1
50 4090 575,190 575,190 0 1
51 4175 65,275 65,275 0 1
52 4175 575,190 575,190 0 1
53 4265 110,365 110,360 0 1
54 4265 620,365 620,365 0 1
55 4355 110,455 110,455 0 1
56 4355 620,455 620,455 0 1
57 4740 100,190 100,190 0 1
58 4740 185,190 185,190 0 1
59 4830 55,280 55,280 0 1
60 4830 140,280 140,280 0 1
61 4955 495,405 495,405 0 1
62 4955 580,405 580,405 0 1
63 5045 540,495 540,495 0 1
64 5045 625,495 625,495 0 1
65 5395 235,195 235,195 0 1
66 5395 365,285 365,285 0 1
67 5485 235,375 235,375 0 1
68 5485 365,285 365,285 0 1
69 5575 235,375 235,375 0 1
70 5575 365,375 365,375 0 1
71 5665 235,465 235,465 0 1
72 5665 365,465 365,465 0 1
73 6130 110,280 110,280 0 1
74 6170 490,320 490,320 0 1
75 6170 615,320 615,320 0 1
76 6220 65,370 65,370 0 1
77 6220 150,370 150,370 0 1
78 6260 450,410 450,410 0 1
79 6260 575,410 575,410 0 1
80 6305 110,455 110,455 0 1